M(7)=2.611;
I_c_7=1e-9* [ ...
    1869987.3773,   462875.0115,   12735.5251; ...
    462875.0115,    2605138.7260,  -5905.0683; ...
    12735.5251,     -5905.0683,    3212810.9255 ...
];
% Pos_c_8=[651.9544 ;-80.6245 ;563.7489];
% Pos_J7=[616.0192 ;-18.4876 ;564.9739 ];
% d_8=Cal_Dis(Pos_J7,Pos_c_8);
% I_J7=Cal_Para(I_c_8,d_8,M(8));


%J6驱动的部分的质量
M(6)=2.823;%kg
%J6驱动的部分的质心转动惯量
I_c_6 = 1e-9*[ ...
    3687152.3785,  1125465.8234,   14053.6145; ...
    1125465.8234,  2891305.1846,   -9653.2689; ...
    14053.6145,     -9653.2689,  5278584.3918 ...
];%kg*m2
% %对于J6的转动惯量（惯性张量）
% Pos_c_7=[649.2461 ; -73.5678 ;563.7643 ];%mm
% Pos_J6=[530.8838;14.95; 563.9855 ];%mm
% %计算质点指向J6的列向量
% d_7 = Cal_Dis(Pos_J6,Pos_c_7);
% %根据平行移轴定理
% I_J6=Cal_Para(I_c_7,d_7,M(7));


M(5)=3.584;
I_c_5=1e-9* [ ...
    9559009.2379,   4910524.4482,   -1162244.6221; ...
    4910524.4482,   7766415.6821,    1823001.6205; ...
   -1162244.6221,   1823001.6205,   14169915.393  ...
];
% Pos_c_6=[634.2153 ;-54.5423 ; 556.5503];
% Pos_J5=[530.8838  ;14.95  ;563.9855  ];
% d_6=Cal_Dis(Pos_J5,Pos_c_6);
% I_J5=Cal_Para(I_c_6,d_8,M(6));


M(4)=5.993;
I_c_4=1e-9* [ ...
    18200970.753,    25138180.6145,   2398006.7629; ...
    25138180.6145,   78384272.5702,    582572.3251; ...
    2398006.7629,     582572.3251,    91232240.6872 ...
];
% Pos_c_6=[634.2153 ;-54.5423 ; 556.5503];
% Pos_J5=[530.8838  ;14.95  ;563.9855  ];
% d_6=Cal_Dis(Pos_J5,Pos_c_6);
% I_J5=Cal_Para(I_c_6,d_8,M(6));



M(3)=16.088;
I_c_3=1e-9* [ ...
    51760272.9197,   1.132e8,         37890169.4859; ...
    1.132e8,         7.891e8,        -1204400.3637; ...
    37890169.4859,  -1204400.3637,    8.240e8 ...
];
% Pos_c_6=[634.2153 ;-54.5423 ; 556.5503];
% Pos_J5=[530.8838  ;14.95  ;563.9855  ];
% d_6=Cal_Dis(Pos_J5,Pos_c_6);
% I_J5=Cal_Para(I_c_6,d_8,M(6));



M(2)=21.148;
I_c_2=1e-9*  [ ...
    1.882e8,         85626808.3437,   -90227160.3608; ...
    85626808.3437,   1.270e9,         -3151184.5717; ...
   -90227160.3608,   -3151184.5717,    1.179e9 ...
];
% Pos_c_6=[634.2153 ;-54.5423 ; 556.5503];
% Pos_J5=[530.8838  ;14.95  ;563.9855  ];
% d_6=Cal_Dis(Pos_J5,Pos_c_6);
% I_J5=Cal_Para(I_c_6,d_8,M(6));



M(1)=25.345;
I_c_1=1e-9*[ ...
    5.332e8,          70117265.8113,   -3.332e8; ...
    70117265.8113,    1.774e9,         -22932677.7135; ...
   -3.332e8,         -22932677.7135,    1.396e9 ...
];
% Pos_c_6=[634.2153 ;-54.5423 ; 556.5503];
% Pos_J5=[530.8838  ;14.95  ;563.9855  ];
% d_6=Cal_Dis(Pos_J5,Pos_c_6);
% I_J5=Cal_Para(I_c_6,d_8,M(6));


%% 计算质点指向转轴交点的列向量
function d=Cal_Dis(p1,p2)
d=1e-3*(p1-p2);%转化成米单位
end
%% 计算平行轴定理的函数
function I=Cal_Para(Ic,d,m)
I=Ic+m*(d'*d*eye(3)-d*d');
end